0.7768
0.8578
0.8742
0.8912
0.8996
0.9088
0.9164
0.9146
0.9196
0.9296
0.9342
0.9392
0.941
0.9396
0.9378
0.946
0.9512
0.9504
0.9562
0.955
0.9516
0.9538
0.9578
0.963
0.9632
0.963
0.9638
0.9658
0.9646
0.967
0.9752
0.9704
0.9724
0.9704
0.9732
0.9772
0.9784
0.9778
0.9756
0.9756
0.975
0.981
0.9818
0.984
0.9818
0.9832
0.985
0.9836
0.9854
0.9798
0.9834
0.9846
0.9868
0.9862
0.9834
0.99
0.9834
0.9854
0.988
0.9908
0.9918
0.9872
0.9902
0.9886
0.9886
0.99
0.9902
0.9906
0.9896
0.9892
0.9922
0.9908
0.9946
0.9944
0.9906
0.9936
0.9934
0.995
0.9936
0.9958
0.9944
0.9946
0.9942
0.9926
0.9942
0.9926
0.9944
0.9924
0.9938
0.994
0.9934
0.9954
0.9958
0.9928
0.9942
0.9938
0.996
0.9964
0.9938
0.9938
0.996
0.9974
0.9978
0.9972
0.9966
0.9954
0.996
0.9986
0.9978
0.9958
0.9986
0.9992
0.9992
0.9996
1.0
